Iteration,Runtime,Cost
0,6.3833e-05,43
1,0.00474698,43
2,0.00887385,43
3,0.00891471,43
4,0.00894692,43
5,0.0129832,43
6,0.0130205,43
7,0.0171884,43
8,0.0172275,43
9,0.0212125,43
10,0.0213227,43
11,0.0254855,43
12,0.0255226,43
13,0.029387,43
14,0.0294213,43
15,0.0294538,43
16,0.033142,43
17,0.0372718,43
18,0.0373061,43
19,0.0373364,43
20,0.0411711,43
21,0.0447139,43
22,0.0447468,43
23,0.0447793,43
24,0.0448083,43
25,0.0486592,43
26,0.0486934,43
27,0.052428,43
28,0.0562662,43
29,0.0563021,43
30,0.0563329,43
31,0.059875,43
32,0.0599079,43
33,0.059938,43
34,0.0636301,43
35,0.0673711,43
36,0.0674052,43
37,0.0717322,43
38,0.0754188,43
39,0.0791299,43
40,0.0829935,43
41,0.0869022,43
42,0.0905927,43
43,0.0943234,43
44,0.0943594,43
45,0.0982379,43
46,0.098273,43
47,0.102261,43
48,0.102297,43
49,0.106261,43
50,0.106299,43
51,0.110142,43
52,0.110178,43
53,0.113846,43
54,0.113883,43
55,0.113916,43
56,0.113948,43
57,0.11398,43
58,0.114011,43
59,0.114042,43
60,0.114073,43
61,0.117993,43
62,0.121652,43
63,0.121688,43
64,0.12172,43
65,0.12175,43
66,0.12551,43
67,0.129496,43
68,0.129534,43
69,0.129565,43
70,0.133356,43
71,0.133391,43
72,0.133423,43
73,0.133454,43
74,0.133486,43
75,0.133516,43
76,0.137389,43
77,0.137426,43
78,0.137458,43
79,0.137489,43
80,0.137521,43
81,0.137551,43
82,0.137582,43
83,0.141428,43
84,0.145061,43
85,0.149061,43
86,0.153064,43
87,0.153098,43
88,0.15313,43
89,0.157019,43
90,0.157053,43
91,0.157084,43
92,0.157116,43
93,0.161206,43
94,0.165234,43
95,0.16527,43
96,0.169082,43
97,0.169115,43
98,0.169147,43
99,0.173017,43
100,0.173053,43
101,0.177157,43
102,0.181225,43
103,0.181259,43
104,0.184863,43
105,0.184897,43
106,0.188623,43
107,0.192446,43
108,0.19248,43
109,0.19251,43
110,0.192541,43
111,0.192571,43
112,0.192601,43
113,0.192631,43
114,0.192659,43
115,0.196293,43
116,0.196326,43
117,0.200121,43
118,0.200155,43
119,0.204121,43
120,0.207771,43
121,0.207822,43
122,0.211719,43
123,0.211752,43
124,0.215802,43
125,0.215847,43
126,0.215879,43
127,0.21591,43
128,0.21594,43
129,0.219783,43
130,0.223384,43
131,0.223418,43
132,0.223448,43
133,0.22348,43
134,0.22351,43
135,0.223541,43
136,0.223571,43
137,0.223601,43
138,0.223631,43
139,0.223661,43
140,0.22369,43
141,0.22372,43
142,0.227266,43
143,0.227298,43
144,0.227329,43
145,0.227361,43
146,0.22739,43
147,0.227421,43
148,0.227451,43
149,0.227528,43
150,0.231551,43
151,0.231583,43
152,0.231612,43
153,0.231642,43
154,0.231672,43
155,0.231702,43
156,0.231731,43
157,0.235731,43
158,0.235763,43
159,0.235794,43
160,0.235824,43
161,0.235854,43
162,0.239731,43
163,0.239766,43
164,0.239797,43
165,0.243699,43
166,0.243732,43
167,0.243762,43
168,0.24727,43
169,0.251153,43
170,0.251187,43
171,0.251217,43
172,0.255079,43
173,0.255111,43
174,0.255142,43
175,0.255172,43
176,0.255202,43
177,0.255232,43
178,0.255261,43
179,0.255291,43
180,0.255321,43
181,0.259002,43
182,0.259035,43
183,0.259065,43
184,0.259095,43
185,0.262578,43
186,0.262611,43
187,0.266327,43
188,0.266361,43
189,0.266392,43
190,0.266423,43
191,0.266453,43
192,0.266483,43
193,0.266513,43
194,0.266543,43
195,0.270372,43
196,0.270405,43
197,0.270436,43
198,0.270467,43
199,0.270497,43
200,0.270527,43
201,0.274407,43
202,0.278283,43
203,0.278315,43
204,0.278346,43
205,0.278374,43
206,0.278405,43
207,0.278435,43
208,0.278465,43
209,0.278495,43
210,0.278525,43
211,0.278554,43
212,0.278583,43
213,0.278613,43
214,0.282413,43
215,0.282445,43
216,0.282475,43
217,0.286301,43
218,0.28994,43
219,0.293735,43
220,0.293768,43
221,0.293799,43
222,0.293829,43
223,0.297659,43
224,0.297692,43
225,0.301547,43
226,0.30158,43
227,0.301611,43
228,0.305205,43
229,0.305238,43
230,0.305299,43
231,0.309206,43
232,0.309239,43
233,0.30927,43
234,0.313191,43
235,0.313222,43
236,0.313253,43
237,0.313285,43
238,0.317086,43
239,0.31712,43
240,0.321072,43
241,0.321105,43
242,0.321136,43
243,0.321165,43
244,0.321195,43
245,0.321226,43
246,0.321256,43
247,0.325057,43
248,0.325091,43
249,0.328984,43
250,0.329016,43
251,0.333012,43
252,0.336542,43
253,0.336575,43
254,0.336606,43
255,0.340464,43
256,0.344336,43
257,0.34437,43
258,0.3444,43
259,0.34443,43
260,0.344462,43
261,0.344495,43
262,0.344525,43
263,0.344554,43
264,0.344584,43
265,0.344613,43
266,0.344643,43
267,0.344673,43
268,0.344702,43
269,0.344732,43
270,0.344762,43
271,0.3484,43
272,0.348431,43
273,0.348462,43
274,0.352267,43
275,0.352299,43
276,0.35233,43
277,0.35236,43
278,0.35239,43
279,0.352419,43
280,0.352449,43
281,0.356342,43
282,0.356375,43
283,0.360019,43
284,0.363861,43
285,0.363895,43
286,0.363925,43
287,0.363955,43
288,0.36793,43
289,0.367963,43
290,0.367994,43
291,0.368024,43
292,0.371985,43
293,0.372017,43
294,0.372047,43
295,0.372078,43
296,0.372109,43
297,0.372138,43
298,0.372168,43
299,0.372199,43
300,0.376042,43
301,0.376075,43
302,0.376106,43
303,0.376136,43
304,0.379845,43
305,0.383489,43
306,0.387132,43
307,0.387163,43
308,0.391103,43
309,0.394884,43
310,0.398614,43
311,0.398647,43
312,0.398677,43
313,0.398708,43
314,0.398738,43
315,0.398768,43
316,0.402684,43
317,0.406631,43
318,0.406681,43
319,0.406726,43
320,0.406757,43
321,0.406788,43
322,0.406818,43
323,0.406848,43
324,0.406878,43
325,0.410548,43
326,0.410581,43
327,0.414395,43
328,0.414428,43
329,0.414458,43
330,0.414487,43
331,0.414517,43
332,0.418527,43
333,0.422195,43
334,0.425791,43
335,0.429275,43
336,0.432796,43
337,0.436557,43
338,0.436592,43
339,0.436623,43
340,0.436652,43
341,0.436682,43
342,0.440475,43
343,0.440509,43
344,0.440539,43
345,0.440567,43
346,0.444487,43
347,0.44452,43
348,0.444551,43
349,0.444581,43
350,0.444612,43
351,0.444643,43
352,0.444672,43
353,0.444701,43
354,0.44473,43
355,0.44869,43
356,0.448723,43
357,0.452553,43
358,0.456376,43
359,0.456409,43
360,0.45644,43
361,0.46024,43
362,0.464251,43
363,0.467996,43
364,0.468029,43
365,0.46806,43
366,0.468091,43
367,0.468121,43
368,0.468151,43
369,0.46818,43
370,0.472132,43
371,0.472165,43
372,0.476036,43
373,0.476069,43
374,0.479891,43
375,0.483773,43
376,0.483806,43
377,0.483838,43
378,0.487548,43
379,0.487581,43
380,0.487612,43
381,0.491624,43
382,0.491657,43
383,0.491688,43
384,0.49172,43
385,0.49175,43
386,0.491782,43
387,0.491826,43
388,0.495261,43
389,0.495296,43
390,0.495325,43
391,0.495356,43
392,0.495387,43
393,0.495416,43
394,0.499018,43
395,0.49905,43
396,0.502936,43
397,0.506891,43
398,0.506942,43
399,0.51043,43
400,0.510463,43
401,0.510494,43
402,0.510525,43
403,0.514445,43
404,0.51836,43
405,0.52232,43
406,0.522354,43
407,0.526237,43
408,0.526271,43
409,0.526301,43
410,0.526331,43
411,0.530015,43
412,0.53389,43
413,0.533923,43
414,0.53779,43
415,0.541694,43
416,0.541726,43
417,0.541757,43
418,0.541786,43
419,0.545402,43
420,0.549126,43
421,0.549161,43
422,0.549192,43
423,0.553074,43
424,0.556906,43
425,0.55694,43
426,0.556971,43
427,0.557002,43
428,0.557032,43
429,0.557063,43
430,0.557094,43
431,0.557124,43
432,0.560998,43
433,0.561032,43
434,0.561061,43
435,0.564685,43
436,0.568065,43
437,0.571938,43
438,0.571972,43
439,0.572003,43
440,0.572032,43
441,0.575741,43
442,0.575773,43
443,0.575804,43
444,0.579676,43
445,0.579709,43
446,0.583612,43
447,0.583647,43
448,0.583678,43
449,0.58756,43
450,0.591136,43
451,0.595594,43
452,0.595627,43
453,0.595659,43
454,0.595689,43
455,0.595719,43
456,0.595748,43
457,0.595778,43
458,0.595808,43
459,0.595838,43
460,0.599723,43
461,0.603466,43
462,0.607431,43
463,0.607483,43
464,0.607528,43
465,0.607558,43
466,0.607589,43
467,0.607619,43
468,0.611656,43
469,0.611688,43
470,0.61172,43
471,0.61175,43
472,0.615669,43
473,0.615701,43
474,0.615748,43
475,0.615778,43
476,0.619766,43
477,0.62358,43
478,0.623614,43
479,0.623644,43
480,0.623674,43
481,0.623704,43
482,0.627691,43
483,0.627723,43
484,0.631631,43
485,0.635206,43
486,0.635238,43
487,0.63527,43
488,0.635299,43
489,0.63533,43
490,0.635359,43
491,0.635389,43
492,0.639154,43
493,0.639186,43
494,0.642947,43
495,0.642981,43
496,0.643011,43
497,0.643042,43
498,0.643072,43
499,0.647051,43
500,0.647084,43
501,0.647116,43
502,0.65093,43
503,0.650962,43
504,0.65099,43
505,0.651022,43
506,0.651052,43
507,0.651082,43
508,0.651112,43
509,0.651142,43
510,0.655023,43
511,0.655056,43
512,0.658666,43
513,0.658699,43
514,0.662196,43
515,0.662228,43
516,0.666108,43
517,0.666141,43
518,0.670015,43
519,0.670048,43
520,0.67398,43
521,0.674013,43
522,0.677612,43
523,0.677645,43
524,0.677676,43
525,0.677706,43
526,0.677735,43
527,0.677765,43
528,0.681671,43
529,0.681704,43
530,0.681736,43
531,0.685521,43
532,0.685554,43
533,0.689294,43
534,0.693044,43
535,0.693077,43
536,0.697054,43
537,0.697087,43
538,0.697116,43
539,0.697143,43
540,0.697173,43
541,0.700888,43
542,0.704727,43
543,0.70476,43
544,0.708707,43
545,0.708758,43
546,0.708802,43
547,0.712698,43
548,0.712733,43
549,0.712765,43
550,0.712795,43
551,0.712824,43
552,0.716795,43
553,0.720762,43
554,0.720794,43
555,0.720825,43
556,0.720854,43
557,0.720884,43
558,0.724728,43
559,0.72476,43
560,0.728581,43
561,0.728616,43
562,0.728646,43
563,0.728676,43
564,0.728706,43
565,0.728735,43
566,0.728764,43
567,0.728795,43
568,0.728825,43
569,0.732656,43
570,0.732689,43
571,0.736618,43
572,0.740314,43
573,0.740347,43
574,0.74424,43
575,0.74811,43
576,0.752073,43
577,0.752105,43
578,0.752137,43
579,0.752168,43
580,0.756074,43
581,0.756107,43
582,0.756137,43
583,0.756168,43
584,0.759978,43
585,0.76001,43
586,0.760041,43
587,0.760071,43
588,0.763971,43
589,0.764004,43
590,0.76788,43
591,0.771852,43
592,0.771885,43
593,0.775863,43
594,0.775896,43
595,0.775927,43
596,0.77979,43
597,0.779822,43
598,0.779853,43
599,0.779884,43
600,0.78386,43
601,0.783893,43
602,0.783923,43
603,0.787812,43
604,0.787845,43
605,0.791767,43
606,0.795692,43
607,0.799546,43
608,0.799579,43
609,0.803121,43
610,0.807058,43
611,0.810941,43
612,0.810991,43
613,0.811036,43
614,0.811067,43
615,0.811096,43
616,0.815013,43
617,0.81883,43
618,0.818863,43
619,0.818893,43
620,0.822701,43
621,0.822734,43
622,0.822765,43
623,0.822794,43
624,0.822824,43
625,0.822855,43
626,0.826627,43
627,0.826659,43
628,0.826689,43
629,0.826718,43
630,0.826748,43
631,0.826778,43
632,0.826808,43
633,0.826838,43
634,0.830753,43
635,0.83455,43
636,0.834582,43
637,0.834614,43
638,0.834643,43
639,0.834673,43
640,0.834704,43
641,0.838385,43
642,0.838419,43
643,0.838449,43
644,0.842124,43
645,0.842156,43
646,0.842187,43
647,0.845843,43
648,0.845877,43
649,0.849655,43
650,0.849687,43
651,0.849716,43
652,0.849746,43
653,0.849776,43
654,0.849807,43
655,0.849837,43
656,0.849867,43
657,0.853332,43
658,0.853365,43
659,0.85726,43
660,0.857293,43
661,0.860854,43
662,0.860886,43
663,0.860917,43
664,0.864545,43
665,0.868433,43
666,0.868467,43
667,0.868498,43
668,0.872393,43
669,0.872427,43
670,0.87623,43
671,0.876263,43
672,0.880081,43
673,0.884012,43
674,0.884045,43
675,0.884075,43
676,0.887985,43
677,0.89189,43
678,0.891923,43
679,0.891954,43
680,0.891984,43
681,0.895778,43
682,0.895811,43
683,0.895842,43
684,0.895873,43
685,0.895902,43
686,0.899687,43
687,0.903408,43
688,0.907417,43
689,0.907483,43
690,0.911286,43
691,0.911318,43
692,0.915302,43
693,0.915336,43
694,0.919213,43
695,0.922803,43
696,0.922836,43
697,0.922866,43
698,0.926748,43
699,0.926781,43
700,0.926812,43
701,0.926842,43
702,0.926872,43
703,0.926901,43
704,0.926931,43
705,0.926961,43
706,0.930769,43
707,0.930802,43
708,0.930832,43
709,0.930863,43
710,0.930893,43
711,0.934603,43
712,0.938544,43
713,0.942192,43
714,0.942225,43
715,0.942254,43
716,0.942284,43
717,0.946126,43
718,0.946161,43
719,0.946191,43
720,0.949858,43
721,0.953762,43
722,0.953794,43
723,0.953824,43
724,0.953854,43
725,0.953884,43
726,0.957753,43
727,0.961622,43
728,0.961655,43
729,0.961686,43
730,0.961716,43
731,0.961745,43
732,0.961775,43
733,0.961805,43
734,0.961834,43
735,0.961865,43
736,0.961896,43
737,0.961926,43
738,0.961956,43
739,0.961985,43
740,0.965949,43
741,0.969723,43
742,0.969756,43
743,0.969787,43
744,0.969818,43
745,0.969849,43
746,0.973729,43
747,0.973761,43
748,0.973794,43
749,0.973824,43
750,0.973854,43
751,0.973883,43
752,0.977505,43
753,0.977537,43
754,0.977568,43
755,0.981504,43
756,0.981537,43
757,0.981569,43
758,0.9816,43
759,0.98543,43
760,0.989125,43
761,0.989157,43
762,0.989188,43
763,0.989219,43
764,0.993199,43
765,0.99725,43
766,1.00063,43
