Iteration,Runtime,Cost
0,6.1447e-05,43
1,0.00509132,43
2,0.00905125,43
3,0.0091048,43
4,0.00914759,43
5,0.0128054,43
6,0.0128383,43
7,0.017094,43
8,0.0171312,43
9,0.0209293,43
10,0.0210305,43
11,0.0248546,43
12,0.0248879,43
13,0.0283898,43
14,0.0284231,43
15,0.0284548,43
16,0.032069,43
17,0.0364032,43
18,0.0364399,43
19,0.0364687,43
20,0.0402456,43
21,0.0437591,43
22,0.0437913,43
23,0.0438233,43
24,0.0438522,43
25,0.0480077,43
26,0.0480459,43
27,0.0518432,43
28,0.0557919,43
29,0.0558286,43
30,0.0558593,43
31,0.0594178,43
32,0.0594504,43
33,0.0594799,43
34,0.0632747,43
35,0.0671781,43
36,0.067214,43
37,0.0710246,43
38,0.0746986,43
39,0.0784098,43
40,0.0822618,43
41,0.0860232,43
42,0.0895437,43
43,0.0931297,43
44,0.0931643,43
45,0.0969708,43
46,0.0970051,43
47,0.100803,43
48,0.100837,43
49,0.104596,43
50,0.104628,43
51,0.108346,43
52,0.10841,43
53,0.111902,43
54,0.111935,43
55,0.111967,43
56,0.111996,43
57,0.112027,43
58,0.112056,43
59,0.112087,43
60,0.112115,43
61,0.115969,43
62,0.119431,43
63,0.119464,43
64,0.119495,43
65,0.119525,43
66,0.123124,43
67,0.126955,43
68,0.126989,43
69,0.12702,43
70,0.130878,43
71,0.130913,43
72,0.130944,43
73,0.130973,43
74,0.131003,43
75,0.131033,43
76,0.134727,43
77,0.13476,43
78,0.134791,43
79,0.134821,43
80,0.134851,43
81,0.134879,43
82,0.134908,43
83,0.138578,43
84,0.142034,43
85,0.14585,43
86,0.149786,43
87,0.14982,43
88,0.14985,43
89,0.153591,43
90,0.153622,43
91,0.153652,43
92,0.153682,43
93,0.15761,43
94,0.161497,43
95,0.16153,43
96,0.165595,43
97,0.165666,43
98,0.165728,43
99,0.169621,43
100,0.169654,43
101,0.173576,43
102,0.177507,43
103,0.17754,43
104,0.181214,43
105,0.181248,43
106,0.184953,43
107,0.188827,43
108,0.18886,43
109,0.188891,43
110,0.188921,43
111,0.188951,43
112,0.188981,43
113,0.189011,43
114,0.189041,43
115,0.19267,43
116,0.192703,43
117,0.196484,43
118,0.196517,43
119,0.200541,43
120,0.204142,43
121,0.204175,43
122,0.20809,43
123,0.20814,43
124,0.212088,43
125,0.212119,43
126,0.212148,43
127,0.212178,43
128,0.212208,43
129,0.216112,43
130,0.219722,43
131,0.219754,43
132,0.219783,43
133,0.219812,43
134,0.219843,43
135,0.219873,43
136,0.219901,43
137,0.219929,43
138,0.219959,43
139,0.219987,43
140,0.220016,43
141,0.220045,43
142,0.223582,43
143,0.223615,43
144,0.223646,43
145,0.223677,43
146,0.223705,43
147,0.223735,43
148,0.223765,43
149,0.223795,43
150,0.227739,43
151,0.227773,43
152,0.227803,43
153,0.227831,43
154,0.227861,43
155,0.227889,43
156,0.227919,43
157,0.231969,43
158,0.232002,43
159,0.232032,43
160,0.23206,43
161,0.23209,43
162,0.235937,43
163,0.235971,43
164,0.236004,43
165,0.239866,43
166,0.239899,43
167,0.239929,43
168,0.243471,43
169,0.247414,43
170,0.247449,43
171,0.247481,43
172,0.251328,43
173,0.25136,43
174,0.251391,43
175,0.25142,43
176,0.25145,43
177,0.25148,43
178,0.251507,43
179,0.251537,43
180,0.251567,43
181,0.255249,43
182,0.255282,43
183,0.255312,43
184,0.255342,43
185,0.258816,43
186,0.258848,43
187,0.262459,43
188,0.262492,43
189,0.262523,43
190,0.262553,43
191,0.262581,43
192,0.262611,43
193,0.262639,43
194,0.262668,43
195,0.266585,43
196,0.266619,43
197,0.26665,43
198,0.266682,43
199,0.26671,43
200,0.266741,43
201,0.270621,43
202,0.274487,43
203,0.274519,43
204,0.27455,43
205,0.274579,43
206,0.274609,43
207,0.274639,43
208,0.274669,43
209,0.274697,43
210,0.274725,43
211,0.274755,43
212,0.274784,43
213,0.274811,43
214,0.278609,43
215,0.278641,43
216,0.27867,43
217,0.282604,43
218,0.286247,43
219,0.289999,43
220,0.290031,43
221,0.290062,43
222,0.290091,43
223,0.294132,43
224,0.294165,43
225,0.298136,43
226,0.29817,43
227,0.298202,43
228,0.301758,43
229,0.301789,43
230,0.301821,43
231,0.305729,43
232,0.305778,43
233,0.305822,43
234,0.309795,43
235,0.309827,43
236,0.309858,43
237,0.309888,43
238,0.313583,43
239,0.313616,43
240,0.317694,43
241,0.317728,43
242,0.317756,43
243,0.317786,43
244,0.317817,43
245,0.317846,43
246,0.317876,43
247,0.321653,43
248,0.321686,43
249,0.325582,43
250,0.325616,43
251,0.329529,43
252,0.333157,43
253,0.333191,43
254,0.333222,43
255,0.337087,43
256,0.340972,43
257,0.341005,43
258,0.341035,43
259,0.341064,43
260,0.341099,43
261,0.341144,43
262,0.341175,43
263,0.341217,43
264,0.341247,43
265,0.341275,43
266,0.341305,43
267,0.341335,43
268,0.341365,43
269,0.341395,43
270,0.341425,43
271,0.344975,43
272,0.345008,43
273,0.345039,43
274,0.348899,43
275,0.348933,43
276,0.348962,43
277,0.348993,43
278,0.349022,43
279,0.349051,43
280,0.349078,43
281,0.352928,43
282,0.35296,43
283,0.356597,43
284,0.360395,43
285,0.360428,43
286,0.360458,43
287,0.360489,43
288,0.364505,43
289,0.364539,43
290,0.364569,43
291,0.364599,43
292,0.368563,43
293,0.368594,43
294,0.368623,43
295,0.368653,43
296,0.368685,43
297,0.368713,43
298,0.368743,43
299,0.368774,43
300,0.37261,43
301,0.372642,43
302,0.372673,43
303,0.372704,43
304,0.37646,43
305,0.3801,43
306,0.383828,43
307,0.383861,43
308,0.38783,43
309,0.391665,43
310,0.395344,43
311,0.395377,43
312,0.395406,43
313,0.395437,43
314,0.395467,43
315,0.395494,43
316,0.399527,43
317,0.403458,43
318,0.40349,43
319,0.40352,43
320,0.403552,43
321,0.403582,43
322,0.403613,43
323,0.403643,43
324,0.403671,43
325,0.407402,43
326,0.407452,43
327,0.411253,43
328,0.411285,43
329,0.411314,43
330,0.411344,43
331,0.411374,43
332,0.415399,43
333,0.41906,43
334,0.422649,43
335,0.426051,43
336,0.429503,43
337,0.433312,43
338,0.433345,43
339,0.433377,43
340,0.433405,43
341,0.433434,43
342,0.437209,43
343,0.437241,43
344,0.437272,43
345,0.437299,43
346,0.441185,43
347,0.441218,43
348,0.441249,43
349,0.441279,43
350,0.441309,43
351,0.441338,43
352,0.441367,43
353,0.441396,43
354,0.441425,43
355,0.445352,43
356,0.445385,43
357,0.449325,43
358,0.453149,43
359,0.453182,43
360,0.453212,43
361,0.457006,43
362,0.460959,43
363,0.464776,43
364,0.464809,43
365,0.464841,43
366,0.464872,43
367,0.464902,43
368,0.464932,43
369,0.464959,43
370,0.468857,43
371,0.468888,43
372,0.472746,43
373,0.472779,43
374,0.476605,43
375,0.48052,43
376,0.480554,43
377,0.480586,43
378,0.484322,43
379,0.484355,43
380,0.484384,43
381,0.488346,43
382,0.488379,43
383,0.488411,43
384,0.488442,43
385,0.488472,43
386,0.488503,43
387,0.488531,43
388,0.492004,43
389,0.492035,43
390,0.492066,43
391,0.492096,43
392,0.492127,43
393,0.492157,43
394,0.49574,43
395,0.49577,43
396,0.499766,43
397,0.503679,43
398,0.503712,43
399,0.50722,43
400,0.507283,43
401,0.507314,43
402,0.507343,43
403,0.511217,43
404,0.51512,43
405,0.519065,43
406,0.519098,43
407,0.52299,43
408,0.523023,43
409,0.523053,43
410,0.523083,43
411,0.526756,43
412,0.530654,43
413,0.530688,43
414,0.534532,43
415,0.538423,43
416,0.538455,43
417,0.538486,43
418,0.538516,43
419,0.542146,43
420,0.545815,43
421,0.545849,43
422,0.545881,43
423,0.549835,43
424,0.553663,43
425,0.553696,43
426,0.553728,43
427,0.553758,43
428,0.553787,43
429,0.553818,43
430,0.553848,43
431,0.553879,43
432,0.557828,43
433,0.55786,43
434,0.55789,43
435,0.561491,43
436,0.564977,43
437,0.568891,43
438,0.568924,43
439,0.568954,43
440,0.568985,43
441,0.572654,43
442,0.572686,43
443,0.572716,43
444,0.576579,43
445,0.576612,43
446,0.580487,43
447,0.58061,43
448,0.580642,43
449,0.58451,43
450,0.588127,43
451,0.592066,43
452,0.592099,43
453,0.592146,43
454,0.592178,43
455,0.592228,43
456,0.592283,43
457,0.592314,43
458,0.592344,43
459,0.592373,43
460,0.59688,43
461,0.601109,43
462,0.60505,43
463,0.605083,43
464,0.605113,43
465,0.605144,43
466,0.605174,43
467,0.605202,43
468,0.609288,43
469,0.609341,43
470,0.609386,43
471,0.609418,43
472,0.613293,43
473,0.613325,43
474,0.613356,43
475,0.613386,43
476,0.617398,43
477,0.621225,43
478,0.621258,43
479,0.621289,43
480,0.62132,43
481,0.621349,43
482,0.625255,43
483,0.625287,43
484,0.629123,43
485,0.632787,43
486,0.632822,43
487,0.632853,43
488,0.632881,43
489,0.632912,43
490,0.632941,43
491,0.632969,43
492,0.636693,43
493,0.636724,43
494,0.640438,43
495,0.640471,43
496,0.640501,43
497,0.64053,43
498,0.640558,43
499,0.644499,43
500,0.644531,43
501,0.644561,43
502,0.648443,43
503,0.648476,43
504,0.648506,43
505,0.648537,43
506,0.648568,43
507,0.648598,43
508,0.648626,43
509,0.648656,43
510,0.652454,43
511,0.652487,43
512,0.656141,43
513,0.656174,43
514,0.659662,43
515,0.659695,43
516,0.663527,43
517,0.663559,43
518,0.667529,43
519,0.667563,43
520,0.671478,43
521,0.671511,43
522,0.675085,43
523,0.675115,43
524,0.675146,43
525,0.675175,43
526,0.675203,43
527,0.675231,43
528,0.679099,43
529,0.679132,43
530,0.679162,43
531,0.683015,43
532,0.683049,43
533,0.686789,43
534,0.690544,43
535,0.690577,43
536,0.694571,43
537,0.694604,43
538,0.694634,43
539,0.694663,43
540,0.694691,43
541,0.698456,43
542,0.702317,43
543,0.70235,43
544,0.706297,43
545,0.706346,43
546,0.70639,43
547,0.710256,43
548,0.71029,43
549,0.71032,43
550,0.71035,43
551,0.710377,43
552,0.714268,43
553,0.718253,43
554,0.718285,43
555,0.718315,43
556,0.718344,43
557,0.718372,43
558,0.722202,43
559,0.722233,43
560,0.726041,43
561,0.726074,43
562,0.726102,43
563,0.726132,43
564,0.726162,43
565,0.726189,43
566,0.726217,43
567,0.726247,43
568,0.726276,43
569,0.730075,43
570,0.730108,43
571,0.734097,43
572,0.737854,43
573,0.737887,43
574,0.74186,43
575,0.745674,43
576,0.749739,43
577,0.749773,43
578,0.749804,43
579,0.749834,43
580,0.753765,43
581,0.753799,43
582,0.75383,43
583,0.753861,43
584,0.757672,43
585,0.757704,43
586,0.757733,43
587,0.757762,43
588,0.761663,43
589,0.761696,43
590,0.765623,43
591,0.769593,43
592,0.769625,43
593,0.773599,43
594,0.773631,43
595,0.773662,43
596,0.777512,43
597,0.777545,43
598,0.777576,43
599,0.777607,43
600,0.781625,43
601,0.781659,43
602,0.781689,43
603,0.785575,43
604,0.785608,43
605,0.789562,43
606,0.793486,43
607,0.797486,43
608,0.797519,43
609,0.801119,43
610,0.805043,43
611,0.80893,43
612,0.80898,43
613,0.80904,43
614,0.809085,43
615,0.809115,43
616,0.812958,43
617,0.816764,43
618,0.816798,43
619,0.816829,43
620,0.820664,43
621,0.820697,43
622,0.820727,43
623,0.820757,43
624,0.820788,43
625,0.820818,43
626,0.824566,43
627,0.824598,43
628,0.824627,43
629,0.824656,43
630,0.824686,43
631,0.824714,43
632,0.824744,43
633,0.824773,43
634,0.828678,43
635,0.832485,43
636,0.832517,43
637,0.832548,43
638,0.832578,43
639,0.832606,43
640,0.832637,43
641,0.836277,43
642,0.836309,43
643,0.836341,43
644,0.839994,43
645,0.840025,43
646,0.840057,43
647,0.84371,43
648,0.843743,43
649,0.847567,43
650,0.847601,43
651,0.847631,43
652,0.847659,43
653,0.847688,43
654,0.847719,43
655,0.847747,43
656,0.847775,43
657,0.851215,43
658,0.851247,43
659,0.855132,43
660,0.855165,43
661,0.858721,43
662,0.858754,43
663,0.858784,43
664,0.862416,43
665,0.866366,43
666,0.866401,43
667,0.866432,43
668,0.870319,43
669,0.870353,43
670,0.87418,43
671,0.874213,43
672,0.878009,43
673,0.882049,43
674,0.882083,43
675,0.882112,43
676,0.886019,43
677,0.889917,43
678,0.88995,43
679,0.88998,43
680,0.890011,43
681,0.893851,43
682,0.893884,43
683,0.893915,43
684,0.893945,43
685,0.893975,43
686,0.89776,43
687,0.901487,43
688,0.905462,43
689,0.905494,43
690,0.909307,43
691,0.909357,43
692,0.913305,43
693,0.913338,43
694,0.917202,43
695,0.920792,43
696,0.920825,43
697,0.920855,43
698,0.924776,43
699,0.924809,43
700,0.924839,43
701,0.924869,43
702,0.924899,43
703,0.924927,43
704,0.924955,43
705,0.924985,43
706,0.928768,43
707,0.928799,43
708,0.928828,43
709,0.928858,43
710,0.928889,43
711,0.932721,43
712,0.936633,43
713,0.94027,43
714,0.940301,43
715,0.940332,43
716,0.940362,43
717,0.944188,43
718,0.944223,43
719,0.944254,43
720,0.947938,43
721,0.951801,43
722,0.951833,43
723,0.951864,43
724,0.951892,43
725,0.95192,43
726,0.955786,43
727,0.95966,43
728,0.959692,43
729,0.959724,43
730,0.959753,43
731,0.959782,43
732,0.95981,43
733,0.959841,43
734,0.959868,43
735,0.959897,43
736,0.959928,43
737,0.959956,43
738,0.959984,43
739,0.960013,43
740,0.963963,43
741,0.967861,43
742,0.967895,43
743,0.967926,43
744,0.967956,43
745,0.967986,43
746,0.971857,43
747,0.971889,43
748,0.97192,43
749,0.971948,43
750,0.971978,43
751,0.972005,43
752,0.975585,43
753,0.975617,43
754,0.975647,43
755,0.979555,43
756,0.979588,43
757,0.97962,43
758,0.979649,43
759,0.983586,43
760,0.987274,43
761,0.987308,43
762,0.987338,43
763,0.98737,43
764,0.991405,43
765,0.995329,43
766,0.998815,43
767,1.0026,43
